# Camera list with one line of data per camera:
#   CAMERA_ID, MODEL, WIDTH, HEIGHT, PARAMS[]
# Number of cameras: 74
1 SIMPLE_RADIAL 1080 1920 1866.4332151165818 540 960 0.097698098848706935
2 SIMPLE_RADIAL 1080 1920 1900.4729999023318 540 960 0.071049526666986287
3 SIMPLE_RADIAL 1080 1920 1929.3353650678969 540 960 0.016577329201801442
4 SIMPLE_RADIAL 1080 1920 1894.1458511625215 540 960 0.080183060233525408
5 SIMPLE_RADIAL 1080 1920 1943.9493790385411 540 960 0.03855918502027228
6 SIMPLE_RADIAL 1080 1920 1853.9780456312753 540 960 0.06977900738258723
7 SIMPLE_RADIAL 1080 1920 1892.5593159975074 540 960 0.081893929254951731
8 SIMPLE_RADIAL 1080 1920 1862.594755545173 540 960 0.098997717371844568
9 SIMPLE_RADIAL 1080 1920 1908.9549476659181 540 960 0.10252665914480773
10 SIMPLE_RADIAL 1080 1920 1853.6025715775042 540 960 0.12164535670308714
11 SIMPLE_RADIAL 1080 1920 1879.6981170316064 540 960 0.081738553241587519
12 SIMPLE_RADIAL 1080 1920 1894.5194564177129 540 960 0.063658691690492417
13 SIMPLE_RADIAL 1080 1920 1914.9116296509335 540 960 0.071337568450468514
14 SIMPLE_RADIAL 1080 1920 1952.9764907911617 540 960 0.06646269383665214
15 SIMPLE_RADIAL 1080 1920 1901.1734928242554 540 960 0.10357625896459388
16 SIMPLE_RADIAL 1080 1920 1996.8399293190741 540 960 0.077595834162500363
17 SIMPLE_RADIAL 1080 1920 1889.0284617034752 540 960 0.10017245494448344
18 SIMPLE_RADIAL 1080 1920 1855.0668406564264 540 960 0.083478921070314446
19 SIMPLE_RADIAL 1080 1920 1844.174685936074 540 960 0.092126885976948139
20 SIMPLE_RADIAL 1080 1920 1845.4483603161493 540 960 0.017215012179913381
21 SIMPLE_RADIAL 1080 1920 1748.3550228163801 540 960 0.048416902989487684
22 SIMPLE_RADIAL 1080 1920 1855.3832131527756 540 960 0.039168024457694572
23 SIMPLE_RADIAL 1080 1920 1834.7681888992408 540 960 0.022535896696697658
24 SIMPLE_RADIAL 1080 1920 1838.2881548918524 540 960 0.043002262102848708
25 SIMPLE_RADIAL 1080 1920 1815.4161543015948 540 960 -0.053113165806410248
27 SIMPLE_RADIAL 1080 1920 1655.2828616087822 540 960 -0.059500597019100522
28 SIMPLE_RADIAL 1080 1920 1852.5919472579567 540 960 -0.031697120024784177
29 SIMPLE_RADIAL 1080 1920 1973.7910090768992 540 960 0.022099622325916835
30 SIMPLE_RADIAL 1080 1920 1907.3801839131208 540 960 0.0631367911496728
31 SIMPLE_RADIAL 1080 1920 1874.5705716362429 540 960 0.095259016654197781
32 SIMPLE_RADIAL 1080 1920 1761.5787742295281 540 960 0.079271116531932681
33 SIMPLE_RADIAL 1080 1920 1803.3502372562286 540 960 0.11807116754602656
34 SIMPLE_RADIAL 1080 1920 1712.8821219717533 540 960 0.17278481150072603
35 SIMPLE_RADIAL 1080 1920 1652.0210556808315 540 960 0.20711723503628038
36 SIMPLE_RADIAL 1080 1920 1736.5190888199593 540 960 -0.041085948695161585
37 SIMPLE_RADIAL 1080 1920 1775.4837899590011 540 960 -0.0097501646261838291
38 SIMPLE_RADIAL 1080 1920 1833.1004312478019 540 960 -0.02794418520013902
39 SIMPLE_RADIAL 1080 1920 1772.8218284019285 540 960 -0.00037489228805520825
40 SIMPLE_RADIAL 1080 1920 1590.0091846277176 540 960 -0.016259669591791294
41 SIMPLE_RADIAL 1080 1920 1906.2609420235428 540 960 0.055293277074748827
42 SIMPLE_RADIAL 1080 1920 1639.3458517016443 540 960 0.054773209909946337
43 SIMPLE_RADIAL 1080 1920 1842.0196531734916 540 960 0.078344909937345025
44 SIMPLE_RADIAL 1080 1920 1675.8149074413939 540 960 0.17223590300661698
45 SIMPLE_RADIAL 1080 1920 1660.6213999554473 540 960 0.11261120356544606
46 SIMPLE_RADIAL 1080 1920 1716.8675458912071 540 960 0.085158281113115866
47 SIMPLE_RADIAL 1080 1920 1833.1761023072586 540 960 -0.046495657200262483
48 SIMPLE_RADIAL 1080 1920 1824.7181593843109 540 960 0.077657577526026825
49 SIMPLE_RADIAL 1080 1920 1813.5851648683263 540 960 0.07558734875586659
50 SIMPLE_RADIAL 1080 1920 1955.5451450731737 540 960 -0.0017654525413042248
51 SIMPLE_RADIAL 1080 1920 1370.149052239816 540 960 -0.022179483913629491
52 SIMPLE_RADIAL 1080 1920 1641.8792965694493 540 960 0.33243738451216293
67 SIMPLE_RADIAL 1080 1920 1784.0215268892575 540 960 0.14829431357729481
68 SIMPLE_RADIAL 1080 1920 1776.9040946794262 540 960 0.14165865097481489
69 SIMPLE_RADIAL 1080 1920 1752.5791512766575 540 960 0.12773334756638721
70 SIMPLE_RADIAL 1080 1920 1803.4091433118886 540 960 0.094996040712275201
71 SIMPLE_RADIAL 1080 1920 1819.3809018431125 540 960 0.11060621159599432
72 SIMPLE_RADIAL 1080 1920 1773.144957449749 540 960 0.13068678524462818
73 SIMPLE_RADIAL 1080 1920 1819.759826246838 540 960 0.035557216820184229
74 SIMPLE_RADIAL 1080 1920 2149.9893051996642 540 960 0.060387786590010699
75 SIMPLE_RADIAL 1080 1920 2025.9555206253528 540 960 0.10454752687290816
76 SIMPLE_RADIAL 1080 1920 1957.2565979287574 540 960 0.053145835963704265
77 SIMPLE_RADIAL 1080 1920 1976.5240433444687 540 960 -0.01763074389190317
78 SIMPLE_RADIAL 1080 1920 2006.3932173243891 540 960 -0.067815270338369149
94 SIMPLE_RADIAL 1080 1920 2030.1758825837337 540 960 0.075330909395658854
96 SIMPLE_RADIAL 1080 1920 1905.3265336220679 540 960 -0.015715983384227455
97 SIMPLE_RADIAL 1080 1920 2082.4940296850723 540 960 0.12733691066441447
115 SIMPLE_RADIAL 1080 1920 1826.4794586152677 540 960 -0.010512636106598907
116 SIMPLE_RADIAL 1080 1920 1907.8142944567517 540 960 -0.12700648205598372
135 SIMPLE_RADIAL 1080 1920 1707.492768039777 540 960 0.042605990715984164
136 SIMPLE_RADIAL 1080 1920 1789.9355074670921 540 960 0.1369110453269444
137 SIMPLE_RADIAL 1080 1920 1776.5006306455202 540 960 0.18289941725329861
138 SIMPLE_RADIAL 1080 1920 1823.6824791820409 540 960 0.14349773032552118
139 SIMPLE_RADIAL 1080 1920 1786.5820717632866 540 960 0.16233492839984345
140 SIMPLE_RADIAL 1080 1920 1853.0553986852399 540 960 0.12239862332584028
