# Frame list with one line of data per frame:
#   FRAME_ID, RIG_ID, RIG_FROM_WORLD[QW, QX, QY, QZ, TX, TY, TZ], NUM_DATA_IDS, DATA_IDS[] as (SENSOR_TYPE, SENSOR_ID, DATA_ID)
# Number of frames: 74
1 1 0.99925276560859455 0.015452090722479012 -0.0353721061957223 0.0019893263076232381 1.026528370854783 -0.47543803494099651 2.4236683360907181 1 CAMERA 1 1
2 2 0.99959801358186606 0.017500927820639958 -0.022243817048306014 -0.0016557088288279367 0.99402628804464344 -0.45939837450201265 2.4351367042761725 1 CAMERA 2 2
3 3 0.99993177759092422 0.003197701751784022 -0.011066296054370116 -0.0019369974182347346 0.87127823746336031 -0.73066971145946669 2.2017293439070791 1 CAMERA 3 3
4 4 0.99966659287870185 0.017631462487936518 0.016990474348128795 -0.0081950225289453473 0.50663243942853409 -0.47733149741771735 2.0119434250007928 1 CAMERA 4 4
5 5 0.99925316994457092 0.0087542721566504934 0.036696196408064756 0.0083578851340800914 0.20476799854837538 -0.49212911630755957 2.1266185131991939 1 CAMERA 5 5
6 6 0.99772359202525662 0.017786077678525039 0.064899676505945025 -0.0043956053572362964 0.038032661960394544 -0.35425955621528199 1.8717154894745935 1 CAMERA 6 6
7 7 0.99667535786697237 0.012253834644902265 0.080375326214818063 0.0052802928990324741 -0.20150568127271348 -0.23309314248321944 1.9022368430663534 1 CAMERA 7 7
8 8 0.99402850415028465 0.020506057192760954 0.10702511717554737 0.0056972667758247303 -0.51756054244614524 -0.20469045988516443 1.9270700571749289 1 CAMERA 8 8
9 9 0.98962816107218299 0.010913126391133236 0.14308657083740328 0.0065756924542992538 -0.95340276299185289 -0.26374575668521166 2.1226113108064544 1 CAMERA 9 9
10 10 0.98341194628645023 0.017971072090722746 0.18036086039284238 0.0069241972357597902 -1.2472479996601105 -0.13587016273172622 1.8683990808437494 1 CAMERA 10 10
11 11 0.97702203173945235 0.019928985512647778 0.21173086040994382 0.014171371924211459 -1.5060866226150502 -0.15300241714644161 1.8358046850944802 1 CAMERA 11 11
12 12 0.96800485274302039 0.023530842168339821 0.24928442286146829 0.016437185021680612 -2.2507525036692213 -0.19617894673166714 1.8675939918295099 1 CAMERA 12 12
13 13 0.96114152662131713 0.015425917383955701 0.2754871380102209 0.0087088270074105554 -2.6727132736277808 -0.37226853597754878 2.2052390722998312 1 CAMERA 13 13
14 14 0.9517161728773782 0.014617645026454617 0.30611361325458858 0.017807484879608048 -3.1125900213905053 -0.47391738618614582 2.7166951197773264 1 CAMERA 14 14
15 15 0.94323693513841533 0.015396274697063284 0.33157369377997248 0.011221609031083922 -3.3177899153534338 -0.3473171606585177 2.7137949967868429 1 CAMERA 15 15
16 16 0.9277445099231717 0.017772020987528975 0.37203462352791206 0.023759597510847885 -3.6837125549553131 -0.46871274251939427 2.9948322530758231 1 CAMERA 16 16
17 17 0.91370131515372288 0.022111633192667915 0.40461168620374549 0.030828002712985986 -4.0103748706446689 -0.6037428753080597 2.6745441341133236 1 CAMERA 17 17
18 18 0.89719327892009049 0.023848688616807875 0.43968831022586058 0.033906491452269517 -4.1993932641117908 -0.69242412420898336 2.7623363985687894 1 CAMERA 18 18
19 19 0.89370050428107684 0.036306808250612485 0.4452708471278557 0.041413729854288921 -4.5236852315214477 -0.79872250810737777 2.5264075764511587 1 CAMERA 19 19
20 20 0.89070879224583777 0.038835426578149632 0.45090649644510744 0.042579202928808318 -4.6773540505000684 -0.94923547118403517 2.0683710368174926 1 CAMERA 20 20
21 22 0.86391854590825667 0.046674046814801834 0.49815585465032036 0.057506728887166729 -5.6171752128701149 -0.73398679847476755 2.691264729985301 1 CAMERA 22 21
22 21 0.87465904582742904 0.048110994462892381 0.48053142387496922 0.04179038684599326 -4.9380130900450947 -0.77435981838934309 2.4319413335940476 1 CAMERA 21 22
23 23 0.85752918921926002 0.050258206630968381 0.50971589884927704 0.048036494079722318 -5.8422941397254791 -0.72090886990849667 2.7847883978901518 1 CAMERA 23 23
24 24 0.8659536694637362 0.050449534165407872 0.49555610990970195 0.04475744380488314 -6.0121689913518281 -0.69826752466008946 2.6964253553203554 1 CAMERA 24 24
25 25 0.92103138088158554 0.055606522130260093 0.38499855980051434 0.019626998738129571 -5.5781648789191358 -0.31284908772786502 1.7886160986005006 1 CAMERA 25 25
27 27 0.98676749166691191 0.038472728781733898 0.15549182911439891 0.025140755918161915 -3.7296257334160514 -0.076672955655857994 0.46366406852910502 1 CAMERA 27 27
28 28 0.9917151605825586 0.011707890149245824 0.12705170921535583 0.014893917027428245 -3.3292999180172718 -0.30551633939607969 1.0374283280245424 1 CAMERA 28 28
29 29 0.99686827770107456 0.0066392661545551252 0.075364642322799963 0.02301581512305844 -2.4213880473478331 -0.38279631639706885 1.2910309387363155 1 CAMERA 29 29
30 30 0.99849167311283815 0.010285243646826975 0.047180505671673811 0.026126468801117585 -1.577932767203271 -0.22538358064895586 1.2073568288815066 1 CAMERA 30 30
31 31 0.99890094211149183 0.0010153152889984998 0.028650944044602542 0.037080997680633651 -1.0342324786022765 -0.18099621321068057 1.1182741112726027 1 CAMERA 31 31
32 32 0.99768681837108297 0.021788189528326483 -0.016651990750826375 0.062201273698357422 -0.14671379555109071 0.076593855393501525 0.78425172439890911 1 CAMERA 32 32
33 33 0.99438921398692937 0.032655261483566594 -0.060788382324306001 0.080177912034990501 0.66109952639635328 0.45522193138049405 0.76377011354134672 1 CAMERA 33 33
34 34 0.98945375563134619 0.046976462274163605 -0.093554555042779389 0.10011005289168558 1.2918907737741392 1.0199800393258363 0.71886100878624293 1 CAMERA 34 34
35 35 0.97990543226762605 0.067423713903962512 -0.10823003157882728 0.15338072525659735 1.8113650956635459 1.4588367985194015 1.018091871247859 1 CAMERA 35 35
36 36 0.97219765584585593 0.10549065953037062 -0.1224923955445396 0.1694079447765961 2.5985444742344734 2.1613806281392556 1.1721918682128067 1 CAMERA 36 36
37 37 0.95000368577293581 0.13353742071556077 -0.16965244755962128 0.22556329782015158 2.8638991350025611 2.3969565506943713 0.95557688372135452 1 CAMERA 37 37
38 38 0.92927361237466699 0.20571310846999183 -0.1809537786541501 0.24776682654975282 2.839143811367824 3.1521696410772511 1.042572165554698 1 CAMERA 38 38
39 39 0.90866171526427841 0.20941217406383617 -0.20993334875869576 0.29395308749151933 2.9420720791071617 3.5374565023252367 1.052270515469266 1 CAMERA 39 39
40 40 0.88099333910972344 0.2599733426621651 -0.2125304424825967 0.33330977868570222 2.5233216442264852 4.0300245084455115 0.52221137537468076 1 CAMERA 40 40
41 41 0.86137957947339716 0.27250158815842113 -0.23277487719852322 0.35997772300877723 1.6377064344696908 4.2890037974705244 1.2074414084153533 1 CAMERA 41 41
42 42 0.85570344310869118 0.29066898448199541 -0.21593724390117 0.36966777734677247 1.1899602959745879 4.7029427815741416 0.68182842818102618 1 CAMERA 42 42
43 43 0.86881738686223531 0.25941668656626882 -0.21583062985085502 0.36232094920807217 1.6495832878133803 4.6168210168019677 0.96026780747866913 1 CAMERA 43 43
44 44 0.89312526383165014 0.2137549215145842 -0.17383001752213351 0.35555480821132779 1.7930568910725415 3.695080915514374 1.0565798736120455 1 CAMERA 44 44
45 45 0.92495975071985037 0.15595516905250512 -0.15466540145735044 0.31017101474205072 2.1846463386841073 2.7393076073481519 1.1929113309098425 1 CAMERA 45 45
46 46 0.94379317630959636 0.10250995233202845 -0.13617862930102684 0.28319874813639628 2.1369086682171363 1.6846658886641379 1.4910951835114887 1 CAMERA 46 46
47 47 0.95905005635122298 0.069312820756187013 -0.11906431484519503 0.24747204129351855 1.8287410746348924 1.0134793135377682 1.9213634769455867 1 CAMERA 47 47
48 48 0.97115065659523048 0.05425676721955059 -0.1008300535299588 0.20917912350586507 1.486909913346905 0.60745563315463069 1.7229640944640499 1 CAMERA 48 48
49 49 0.97758749380440224 0.057424972870117004 -0.071245783716925665 0.18960248614049105 1.2848609365969701 0.47537511040232872 1.0270492213295142 1 CAMERA 49 49
50 50 0.98090197420314906 0.096217735986370109 -0.038049290886973064 0.16469886383645901 0.19388277018873618 1.0408986830656679 1.068993157332901 1 CAMERA 50 50
51 51 0.9856854276604835 0.093076961036501524 -0.02024618213029061 0.13910790463207445 -0.68401629237515005 1.5008809121119018 -0.87566836984657326 1 CAMERA 51 51
52 52 0.97838718520850076 0.15333401972351868 0.056760846884031727 0.12659147078781463 -0.80171215559932396 2.1641541492798293 -0.41652307944375266 1 CAMERA 52 52
67 67 0.9864731836395193 -0.024925058016965221 0.14282069857007446 0.076496062009217713 -0.90160982911836407 0.049061400856743216 1.410094634201478 1 CAMERA 67 67
68 68 0.99272192972580098 -0.047861992972474871 0.038137754691720115 0.10372035257006662 -0.055794387574816653 0.043001602448810357 2.1357377379862035 1 CAMERA 68 68
69 69 0.99082440433293095 -0.068387872538029054 -0.016257009303573197 0.11543746496055138 0.66209774259679377 -0.21409696901251318 1.8140514932240552 1 CAMERA 69 69
70 70 0.99009209981222013 -0.089284544196670174 -0.027427805161709416 0.10485046285559602 0.77290805646920591 -0.57021327302889735 1.7554019223072657 1 CAMERA 70 70
71 71 0.98486222268263546 -0.13103787740257847 -0.015861146622031915 0.11235613488492903 0.60684575242558125 -1.0948897068837644 1.4691934671233959 1 CAMERA 71 71
72 72 0.98575366352302563 -0.14804976374977333 0.0089443288532927746 0.079315706426495367 1.0842563244983277 -1.2895998129494137 0.82445959470915287 1 CAMERA 72 72
73 73 0.9665087584735389 -0.2441124699142164 0.0070408552137989676 0.078869183995891753 1.4493540150614466 -2.3950732322413413 0.36386241531865182 1 CAMERA 73 73
74 74 0.88712323742804955 -0.45726099811570697 0.024339113821213797 0.05772649959768926 1.2852672711593085 -1.0533507009529257 5.6076797536748009 1 CAMERA 74 74
75 75 0.90309363747205817 -0.42685395111908908 0.016875831994192611 0.043963537915108236 1.2680535578373908 -1.7138527353342836 3.9016230528195104 1 CAMERA 75 75
76 76 0.91210415242351472 -0.40802742456618896 0.017429231960381372 0.035719151822741865 1.0176992269421961 -2.7515516410184051 3.2346304669778836 1 CAMERA 76 76
77 77 0.91446206286248855 -0.40312855267224162 0.020242035049721524 0.028926901367269511 0.98842429795817344 -3.697461207871493 3.1200551599715118 1 CAMERA 77 77
78 78 0.92098351545790591 -0.38734705807930619 0.022877663398894708 0.035046160553058009 0.96844837513421067 -4.6225845385915374 2.8296791247886159 1 CAMERA 78 78
94 94 0.95111470489421213 -0.12919004512428131 -0.23427355592187254 0.1542940419151152 3.3403832566880767 -0.16166806481362134 -0.13966814182325771 1 CAMERA 94 94
96 96 0.92905669424688364 0.077608418982627894 -0.28170442541879503 0.22687707878394445 3.5199050535267493 3.0505256833334826 -0.25434599452920054 1 CAMERA 96 96
97 97 0.85888718911847772 0.12800608500427516 -0.35252368262442929 0.34878975294430509 3.8616651445913823 4.467828980272996 1.0727348643577526 1 CAMERA 97 97
115 115 0.90987385886999261 0.15818633733468238 -0.23314957134999775 0.3045454334003046 2.3945729517101761 1.1963293175873631 -0.54603138324139644 1 CAMERA 115 115
116 116 0.94952836264898299 0.21078552521150071 -0.07661162928053962 0.21930802344062655 1.2074956689516103 1.2929569959395169 -1.0636106531474239 1 CAMERA 116 116
135 135 0.98819000577851979 0.027769068678576127 0.061132426645705042 0.13773967372032289 -0.58021673242654714 0.13800137658750347 0.55295972393558956 1 CAMERA 135 135
136 136 0.99406973225013118 0.02931473486424847 0.0057445994832648383 0.10456105068699532 -0.35107328188225784 0.27968720802697228 0.87405141689456944 1 CAMERA 136 136
137 137 0.99814961715857331 0.01830824712466295 -0.026782997653600149 0.051427822140384577 0.35462475272767097 0.28280511696396049 0.94750896814032404 1 CAMERA 137 137
138 138 0.99700679953286597 0.024073228686456991 -0.047844533998150876 0.055756810457028363 0.26357602939879965 0.13351759070044042 1.1118084969507165 1 CAMERA 138 138
139 139 0.99726116430383782 0.027708026083191444 -0.061839936956442437 0.029635412248697254 0.79672311741547275 0.094561357125206968 0.97675388799503349 1 CAMERA 139 139
140 140 0.99755442597390998 0.015553707263962999 -0.052219749635140172 0.043776102593234924 0.70029147918047041 -0.052767277187590556 1.0615047401507578 1 CAMERA 140 140
